   1,   100,  0.006018,  0.006174,   0.006124,   0.006124,   0.013412
   2,   200,  0.050336,  0.045914,   0.045617,   0.045617,   0.047071
   3,   300,  0.178555,  0.151291,   0.149835,   0.149835,   0.130865
   4,   400,  0.460796,  0.351191,   0.381955,   0.381955,   0.207079 
   5,   500,  0.972280,  0.675867,   0.676614,   0.676614,   0.426741
   6,   600,  1.436506,  1.169272,   1.159944,   1.159944,   1.159899
   7,   700,  2.479862,  1.881108,   1.841401,   1.841401,   1.385155
   8,   800,  3.840798,  2.772546,   2.742604,   2.742604,   2.509709
   9,   900,  5.345581,  3.928903,   3.887998,   3.887998,   3.252635
 
 